-------------------------------------------------------------
Tow 7200.00000000
SAT   Pseudorango
  1   23096478.313
  2   24501265.177
  5   24401880.133
  6   20555740.449
 14   24258653.281
 16   24581854.516
 21   23456029.925
 25   21447276.383
 30   21280828.168
Hipotesis inicial: XYZ_0 = (4850000, -310000, 4120000)   cdt0 0.000
  - Tau fijo (0.070 seg) y Corrección Rotación Tierra común
-------------------------------------------------------------
Iteracion 1 -------------------------------------------------
Tiempo recepcion GPS  = Trec - dt = 7200.00000000
Datos de satelites en sus distintos tiempos transmision (TX)
 SAT  tau(ms)     TX_GPS            Xsat          Ysat          Zsat       dTsat(m)
  1    70.0   7199.93000000     14333585.634 -20826824.096   8281296.786  120910.89
  2    70.0   7199.93000000     -2720019.839  14994089.843  21459663.699   -7719.63
  5    70.0   7199.93000000     12625918.225  22608207.133   6136717.171   29642.96
  6    70.0   7199.93000000     17744948.520   2616866.032  19817489.293  152127.45
 14    70.0   7199.93000000     20901274.249 -15433272.575  -5412230.259   -8953.92
 16    70.0   7199.93000000      3416840.088 -22952647.620  12953797.767     765.04
 21    70.0   7199.93000000     25980176.727   5401500.755  -3880406.450   30872.70
 25    70.0   7199.93000000     14848535.578 -11367106.848  19277479.884   27857.26
 30    70.0   7199.93000000     16398182.380  11969125.190  16935709.730   56674.65
Posicion satelites tras correccion rotacion Tierra
Sat  tau(ms)  Giro (rad)          newX            newY           newZ
 1   70.0     5.1045e-06       14333479.323 -20826897.261   8281296.786
 2   70.0     5.1045e-06       -2719943.302  14994103.727  21459663.699
 5   70.0     5.1045e-06       12626033.628  22608142.684   6136717.171
 6   70.0     5.1045e-06       17744961.877   2616775.453  19817489.293
14   70.0     5.1045e-06       20901195.469 -15433379.265  -5412230.259
16   70.0     5.1045e-06        3416722.926 -22952665.061  12953797.767
21   70.0     5.1045e-06       25980204.298   5401368.140  -3880406.450
25   70.0     5.1045e-06       14848477.555 -11367182.642  19277479.884
30   70.0     5.1045e-06       16398243.476  11969041.485  16935709.730
Distancias(R), Pseudorangos esperados y discrepancias
 SATS|   RHO_obs   |     R (mt)   +    cdt   -   cdT (mt) = PR_esperado | Discrepancia
------------------------------------------------------------------------------------------
  1 |  23096478.31 |  22982511.70        0.00   120910.89   22861600.81 | -234877.500
  2 |  24501265.18 |  24334822.16        0.00    -7719.63   24342541.79 | -158723.386
  5 |  24401880.13 |  24285285.90        0.00    29642.96   24255642.94 | -146237.189
  6 |  20555740.45 |  20524551.80        0.00   152127.45   20372424.35 | -183316.102
 14 |  24258653.28 |  24025421.75        0.00    -8953.92   24034375.67 | -224277.613
 16 |  24581854.52 |  24347084.98        0.00      765.04   24346319.95 | -235534.568
 21 |  23456029.93 |  23304758.38        0.00    30872.70   23273885.68 | -182144.242
 25 |  21447276.38 |  21259822.15        0.00    27857.26   21231964.89 | -215311.495
 30 |  21280828.17 |  21174966.42        0.00    56674.65   21118291.78 | -162536.392
Matriz H : 
 0.4126389 -0.8927178  0.1810636   -1
-0.3110745  0.6288973  0.7125453   -1
 0.3201953  0.9437049  0.0830428   -1
 0.6282701  0.1425988  0.7648152   -1
 0.6680921 -0.6294740 -0.3967560   -1
-0.0588685 -0.9299949  0.3628277   -1
 0.9066906  0.2450730 -0.3432950   -1
 0.4702992 -0.5200976  0.7129636   -1
 0.5453725  0.5798848  0.6052293   -1
Delta_XYZ  [-1312.187 48367.686 3076.455]. Delta_cdt 191734.47
Estimacion actual XYZ =[4848687.81 -261632.31 4123076.45] mt.
                  cdt = 191734.47 mt  (0.640 msec)
-------------------------------------------------------------
Iteracion 2 -------------------------------------------------
Tiempo recepcion GPS  = Trec - dt = 7199.99936044
Datos de satelites en sus distintos tiempos transmision (TX)
 SAT  tau(ms)     TX_GPS            Xsat          Ysat          Zsat       dTsat(m)
  1    70.0   7199.92936044     14333585.071 -20826823.740   8281298.701  120910.89
  2    70.0   7199.92936044     -2720018.112  14994090.309  21459663.601   -7719.63
  5    70.0   7199.92936044     12625918.259  22608206.581   6136719.076   29642.96
  6    70.0   7199.92936044     17744949.555   2616864.827  19817488.523  152127.45
 14    70.0   7199.92936044     20901274.472 -15433272.980  -5412228.259   -8953.92
 16    70.0   7199.92936044      3416839.685 -22952648.595  12953796.131     765.04
 21    70.0   7199.92936044     25980176.484   5401500.492  -3880408.411   30872.70
 25    70.0   7199.92936044     14848534.104 -11367107.203  19277480.826   27857.26
 30    70.0   7199.92936044     16398182.104  11969123.804  16935710.951   56674.65
Posicion satelites tras correccion rotacion Tierra
Sat  tau(ms)  Giro (rad)          newX            newY           newZ
 1   70.0     5.1045e-06       14333478.760 -20826896.905   8281298.701
 2   70.0     5.1045e-06       -2719941.575  14994104.193  21459663.601
 5   70.0     5.1045e-06       12626033.662  22608142.132   6136719.076
 6   70.0     5.1045e-06       17744962.913   2616774.249  19817488.523
14   70.0     5.1045e-06       20901195.692 -15433379.670  -5412228.259
16   70.0     5.1045e-06        3416722.524 -22952666.036  12953796.131
21   70.0     5.1045e-06       25980204.055   5401367.877  -3880408.411
25   70.0     5.1045e-06       14848476.080 -11367182.996  19277480.826
30   70.0     5.1045e-06       16398243.200  11969040.099  16935710.951
Distancias(R), Pseudorangos esperados y discrepancias
 SATS|   RHO_obs   |     R (mt)   +    cdt   -   cdT (mt) = PR_esperado | Discrepancia
------------------------------------------------------------------------------------------
  1 |  23096478.31 |  23025685.21   191734.47   120910.89   23096508.78 |     30.472
  2 |  24501265.18 |  24301829.17   191734.47    -7719.63   24501283.27 |     18.092
  5 |  24401880.13 |  24239811.23   191734.47    29642.96   24401902.74 |     22.605
  6 |  20555740.45 |  20516181.56   191734.47   152127.45   20555788.58 |     48.134
 14 |  24258653.28 |  24057991.67   191734.47    -8953.92   24258680.06 |     26.776
 16 |  24581854.52 |  24390882.44   191734.47      765.04   24581851.87 |     -2.647
 21 |  23456029.93 |  23295199.50   191734.47    30872.70   23456061.28 |     31.350
 25 |  21447276.38 |  21283444.11   191734.47    27857.26   21447321.32 |     44.935
 30 |  21280828.17 |  21145807.62   191734.47    56674.65   21280867.44 |     39.276
Matriz H : 
 0.4119222 -0.8931445  0.1805906   -1
-0.3114428  0.6277608  0.7133861   -1
 0.3208501  0.9434799  0.0830717   -1
 0.6285904  0.1402993  0.7649772   -1
 0.6672422 -0.6306323 -0.3963467   -1
-0.0587090 -0.9303080  0.3620500   -1
 0.9071189  0.2430973 -0.3435680   -1
 0.4698388 -0.5217929  0.7120278   -1
 0.5461865  0.5783970  0.6059184   -1
Delta_XYZ  [40.422 2.635 23.621]. Delta_cdt -5.78
Estimacion actual XYZ =[4848728.24 -261629.68 4123100.08] mt.
                  cdt = 191728.69 mt  (0.640 msec)
-------------------------------------------------------------
Iteracion 3 -------------------------------------------------
Tiempo recepcion GPS  = Trec - dt = 7199.99936046
Datos de satelites en sus distintos tiempos transmision (TX)
 SAT  tau(ms)     TX_GPS            Xsat          Ysat          Zsat       dTsat(m)
  1    70.0   7199.92936046     14333585.071 -20826823.740   8281298.701  120910.89
  2    70.0   7199.92936046     -2720018.112  14994090.309  21459663.601   -7719.63
  5    70.0   7199.92936046     12625918.259  22608206.581   6136719.076   29642.96
  6    70.0   7199.92936046     17744949.555   2616864.827  19817488.523  152127.45
 14    70.0   7199.92936046     20901274.472 -15433272.980  -5412228.260   -8953.92
 16    70.0   7199.92936046      3416839.685 -22952648.595  12953796.131     765.04
 21    70.0   7199.92936046     25980176.484   5401500.492  -3880408.411   30872.70
 25    70.0   7199.92936046     14848534.104 -11367107.203  19277480.826   27857.26
 30    70.0   7199.92936046     16398182.104  11969123.804  16935710.951   56674.65
Posicion satelites tras correccion rotacion Tierra
Sat  tau(ms)  Giro (rad)          newX            newY           newZ
 1   70.0     5.1045e-06       14333478.760 -20826896.905   8281298.701
 2   70.0     5.1045e-06       -2719941.575  14994104.193  21459663.601
 5   70.0     5.1045e-06       12626033.662  22608142.132   6136719.076
 6   70.0     5.1045e-06       17744962.913   2616774.249  19817488.523
14   70.0     5.1045e-06       20901195.692 -15433379.670  -5412228.260
16   70.0     5.1045e-06        3416722.524 -22952666.036  12953796.131
21   70.0     5.1045e-06       25980204.055   5401367.877  -3880408.411
25   70.0     5.1045e-06       14848476.080 -11367182.996  19277480.826
30   70.0     5.1045e-06       16398243.200  11969040.099  16935710.951
Distancias(R), Pseudorangos esperados y discrepancias
 SATS|   RHO_obs   |     R (mt)   +    cdt   -   cdT (mt) = PR_esperado | Discrepancia
------------------------------------------------------------------------------------------
  1 |  23096478.31 |  23025666.64   191728.69   120910.89   23096484.44 |      6.127
  2 |  24501265.18 |  24301823.26   191728.69    -7719.63   24501271.57 |      6.395
  5 |  24401880.13 |  24239793.81   191728.69    29642.96   24401879.54 |     -0.593
  6 |  20555740.45 |  20516137.72   191728.69   152127.45   20555738.95 |     -1.495
 14 |  24258653.28 |  24057975.72   191728.69    -8953.92   24258658.33 |      5.048
 16 |  24581854.52 |  24390878.71   191728.69      765.04   24581842.36 |    -12.157
 21 |  23456029.93 |  23295170.31   191728.69    30872.70   23456026.30 |     -3.623
 25 |  21447276.38 |  21283409.67   191728.69    27857.26   21447281.10 |      4.718
 30 |  21280828.17 |  21145769.71   191728.69    56674.65   21280823.75 |     -4.420
Matriz H : 
 0.4119208 -0.8931454  0.1805897   -1
-0.3114445  0.6277609  0.7133853   -1
 0.3208487  0.9434805  0.0830708   -1
 0.6285898  0.1402995  0.7649777   -1
 0.6672410 -0.6306329 -0.3963479   -1
-0.0587107 -0.9303083  0.3620491   -1
 0.9071183  0.2430975 -0.3435694   -1
 0.4698377 -0.5217939  0.7120279   -1
 0.5461856  0.5783979  0.6059184   -1
Delta_XYZ  [-0.000 -0.000 -0.000]. Delta_cdt -0.00
Estimacion actual XYZ =[4848728.24 -261629.68 4123100.08] mt.
                  cdt = 191728.69 mt  (0.640 msec)
-------------------------------------------------------------
-----------------  Resultado final ----------------------------
XYZ = [4848728.24 -261629.68 4123100.08] mt.  cdt = 191728.69 mt (dt=0.640 msec)
